Bob
19 
92 
20 
46 
2 
14 
5 
4 
50000 
4388 
105 
11 
206 
16 
0 
43 
0 
43 
0 
43 
0 
43 
0 
59 
0 
59 
0 
45 
44 
0 
0 
0 
0 
0 
71 
0 
0 
1 
0 
0 
0 
0 
0 
1 
1 
1 
0 
0 
0 
5 
0 
0 
0 
0 
631 
0 
0 
0 
0 
1 
0 
0 
1 
4 
1 
0 
0 
0 
0 
0 
0 
0 
3 
0 
4 
0 
-1 
0 
0 
0 
0 
1 
1 
1 
1 
0 
2 
0 
0 
0 
0 
1 
0 
1 
0 
0 
1 
1 
0 
4 
0 
0 
0 
0 
0 
0 
24 
0 
0 
0 
1 
0 
0 
0 
0 
1 
0 
0 
0 
1 
10 
0 
0 
0 
0 
0 
0 
0 
0 
0 
0 
1 
2 
0 
1 
1 
1 
0 
0 
0 
0 
0 
0 
1 
0 
0 
0 
0 
0 
0 
0 
0 
0 
0 
0 
0 
0 
0 
0 
0 
0 
0 
0 
0 
0 
0 
0 
0 
0 
0 
0 
0 
0 
0 
0 
0 
0 
0 
0 
0 
0 
0 
0 
0 
0 
0 
0 
0 
0 
0 
0 
0 
0 
0 
0 
0 
0 
0 
0 
0 
0 
0 
0 
0 
0 
0 
0 
0 
0 
0 
0 
0 
0 
0 
0 
0 
0 
0 
0 
0 
0 
0 
0 
0 
0 
0 
0 
0 
0 
205 
105 
21 
16 
20 
42 
0 
0 
0 
0 
0 
0 
0 
0 
0 
0 
0 
0 
0 
0 
0 
1 
1 
0 
0 
0 
0 
0 
0 
0 
0 
0 
0 
0 
0 
0 
0 
0 
0 
0 
0 
0 
0 
0 
0 
0 
0 
0 
0 
0 
0 
1 
1 
5 
0 
1 
1 
0 
0 
0 
1 
0 
0 
0 
0 
9 
1 
0 
0 
0 
1 
0 
0 
0 
0 
2 
0 
0 
0 
0 
0 
0 
0 
0 
0 
0 
0 
0 
0 
0 
1 
1 
0 
0 
0 
0 
0 
0 
0 
0 
14 
30 
48 
59 
59 
52 
60 
25 
24 
0 
0 
0 
0 
0 
0 
0 
0 
0 
0 
0 
0 
0 
0 
0 
0 
0 
0 
0 
0 
0 
0 
0 
0 
0 
0 
0 
0 
0 
0 
0 
0 
0 
0 
0 
0 
0 
0 
0 
0 
0 
1 
0 
0 
0 
2 
0 
1 
3 
7 
0 
0 
0 
0 
0 
0 
0 
0 
1 
1 
99 
2 
0 
0 
0 
1 
1 
0 
0 
0 
0 
0 
0 
10 
0 
0 
0 
1 
0 
0 
0 
0 
0 
0 
0 
0 
0 
6 
1 
5 
1 
1 
0 
1 
0 
0 
0 
0 
0 
2 
0 
0 
0 
0 
0 
0 
0 
0 
1 
1 
0 
0 
0 
0 
0 
0 
1 
18 
0 
0 
0 
0 
1 
1 
0 
0 
2 
1 
1 
0 
0 
0 
0 
1 
1 
1 
0 
0 
0 
0 
0 
17 
0 
1 
1 
1 
2 
1 
0 
0 
3 
2 
1 
0 
0 
0 
0 
0 
0 
0 
0 
0 
0 
0 
0 
0 
0 
0 
0 
0 
0 
0 
0 
0 
0 
0 
0 
0 
0 
0 
0 
0 
0 
0 
0 
0 
0 
-1 
0 
0 
0 
0 
0 
0 
0 
0 
0 
0 
0 
0 
0 
0 
0 
199 
1 
1 
1 
218 
231 
585730 